40 37 50 12 91 81 37 81 2 71 55 67 1 85 61 85 35 69 22 53 54 66 67 48 46 6 83 72 37 33 6 54 72 43 25 93 24 78 52 85 23 14 22 87 41 26 88 68 51 41 40 66 55 38 89 51 64 93 96 63 40 53 95 84 34 99 51 60 81 48 59 58 20 98 26 24 3 15 97 20 13 31 10 21 52 32 0 76 100 16 55 64 25 64 34 76 42 14 1 20
98 97 92 45 59 66 52 63 20 85 78 76 34 91 97 23 6 12 73 45 10 62 6 5 29 61 22 22 96 55 63 91 52 32 45 20 36 79 22 53 51 20 86 20 28 96 56 13 63 6 14 43 75 62 36 43 91 65 100 31 16 36 29 69 20 22 67 95 68 54 33 32 75 22 24 86 86 93 5 25 43 75 74 35 56 82 49 87 71 10 5 53 29 32 74 2 77 83 85 10
28 4 79 39 62 31 53 67 59 26 100 52 33 44 22 15 88 18 63 81 16 10 33 100 33 18 0 35 84 80 24 31 51 73 93 90 46 80 94 50 80 3 76 64 56 100 68 35 81 12 5 68 78 56 38 47 76 17 22 37 36 90 18 90 49 3 56 67 100 56 82 61 15 39 48 27 42 48 81 79 96 57 88 81 17 7 1 23 17 70 77 43 8 19 53 96 15 34 61 22
34 10 34 16 43 43 65 84 9 80 77 42 96 73 70 9 36 49 30 52 18 95 31 18 40 24 90 90 9 47 4 54 79 53 43 43 46 17 59 40 95 60 5 22 83 39 94 17 32 100 53 80 46 27 45 97 31 76 46 13 66 51 59 40 76 4 26 44 21 78 29 92 8 12 6 61 93 94 74 54 64 93 23 85 99 67 52 23 92 64 27 21 31 13 100 79 18 14 63 20
88 35 28 66 48 93 55 13 2 5 21 19 50 45 81 31 4 77 21 47 73 50 46 98 48 7 16 56 82 39 100 30 54 19 11 80 92 58 21 31 92 55 6 31 69 42 42 33 37 29 88 35 63 13 11 49 93 0 11 22 44 51 85 6 66 8 68 62 58 17 89 77 58 77 73 51 25 70 60 91 89 12 96 84 16 6 54 12 30 67 77 94 25 5 19 96 82 22 70 53
30 37 97 22 65 56 14 29 16 90 74 49 44 69 8 42 69 9 48 35 92 37 8 18 16 38 64 74 36 83 36 6 40 16 22 84 49 22 64 84 55 16 18 54 14 16 6 86 12 67 98 66 44 31 13 65 21 1 94 3 74 58 25 95 98 12 0 34 74 84 79 63 29 3 99 42 44 80 21 92 50 69 15 60 95 35 40 24 41 46 74 20 49 4 19 38 68 95 69 19
83 82 94 57 80 12 33 60 16 72 75 2 44 49 57 39 81 23 82 56 70 48 4 11 25 93 99 54 88 23 59 55 78 76 82 75 29 40 73 24 49 92 45 42 78 54 79 8 48 46 60 64 22 58 22 6 98 32 92 100 46 42 6 78 44 77 38 18 55 61 76 9 52 46 40 1 25 15 87 21 60 56 6 71 10 3 58 36 36 31 71 33 96 81 36 1 3 38 50 0
31 69 92 77 44 80 53 93 23 68 14 95 66 34 95 92 25 13 77 96 26 92 57 59 47 99 4 15 29 15 72 49 26 67 7 58 50 18 28 25 13 13 76 79 19 49 11 42 96 43 46 50 78 89 91 58 57 31 18 87 26 45 40 77 83 21 17 60 93 46 9 86 41 28 59 100 47 34 58 26 9 45 43 8 34 35 99 15 65 24 6 92 45 24 23 95 93 57 86 25
21 31 63 67 45 39 54 23 26 28 62 100 70 0 31 58 59 28 90 32 57 16 95 3 52 84 86 57 99 63 52 79 2 71 51 54 62 72 69 50 50 94 64 21 69 60 34 38 29 14 96 36 84 28 8 25 67 83 34 82 94 15 79 62 1 23 4 89 30 42 36 73 73 41 58 98 75 1 54 53 5 84 65 79 95 98 13 29 4 78 57 9 42 83 32 48 16 55 31 31
69 79 26 9 64 8 6 18 0 19 3 71 80 75 90 79 49 69 82 82 73 19 39 99 43 15 39 32 43 61 31 25 88 80 62 90 91 81 72 98 28 83 72 78 97 68 2 11 13 21 11 97 46 94 74 2 68 93 84 13 53 13 48 57 31 85 26 100 20 96 98 80 95 61 42 93 63 66 22 22 39 81 67 7 34 72 32 84 50 94 86 2 92 26 3 4 11 69 12 0
91 74 68 10 15 66 85 74 77 71 97 69 52 73 7 40 43 5 1 62 17 60 15 96 52 52 36 53 36 28 83 83 75 35 5 43 31 82 73 51 38 34 99 18 61 81 21 34 17 62 90 37 75 73 55 3 36 37 73 97 94 77 65 93 45 85 31 21 89 87 50 0 91 28 22 34 74 79 12 3 31 52 47 53 16 20 21 6 11 32 12 97 40 52 66 28 51 37 78 29
67 96 48 42 46 63 82 29 67 81 95 7 96 77 20 83 99 2 53 84 77 13 100 32 32 40 49 31 21 17 73 12 90 25 49 78 15 31 42 26 72 6 33 51 33 48 53 59 36 9 31 66 33 33 84 53 50 12 21 70 12 60 44 73 74 30 89 64 77 32 68 72 35 10 12 45 67 19 77 75 66 9 44 14 5 36 42 52 44 9 61 39 73 45 94 14 3 62 72 66
20 34 1 54 45 19 83 52 54 1 37 88 39 19 32 0 69 96 12 3 26 23 76 0 92 95 64 69 28 91 53 66 100 1 11 95 16 77 7 91 44 32 57 24 7 65 42 56 17 53 23 16 46 83 71 68 8 61 28 56 57 98 31 90 61 65 9 79 11 42 79 66 65 53 62 1 8 59 51 39 20 62 61 12 57 23 78 4 72 45 9 60 3 70 40 92 85 45 50 48
99 11 4 39 91 47 51 44 38 47 91 87 50 35 42 50 77 28 42 28 63 99 44 94 70 98 43 9 32 100 71 6 46 99 79 11 38 9 34 79 94 0 21 77 25 16 76 6 75 17 62 31 34 56 67 44 66 18 40 66 68 51 12 17 31 46 57 57 72 18 1 4 11 79 17 36 88 81 41 63 35 69 12 47 29 30 10 40 18 54 28 12 25 70 66 38 91 6 19 72
11 55 74 38 7 5 20 17 27 62 35 8 96 16 92 47 5 1 57 23 93 86 63 71 37 92 92 83 36 24 82 66 13 50 44 28 63 2 50 86 73 33 19 26 85 31 56 62 78 75 43 27 30 28 20 27 54 92 97 52 70 40 17 30 17 97 58 67 85 89 19 74 9 95 63 0 41 5 93 28 29 99 43 86 86 74 23 25 10 3 69 76 51 69 28 77 40 21 41 61
21 1 10 81 46 26 49 76 93 47 78 29 51 9 74 51 60 85 100 31 57 58 67 36 35 29 41 96 90 99 99 55 46 45 79 41 92 23 16 0 52 39 50 83 6 11 81 0 97 43 44 36 12 46 59 75 2 52 92 55 24 99 9 26 28 67 19 71 53 23 55 10 57 86 54 85 45 10 36 35 8 21 99 28 97 85 90 79 73 41 68 88 62 70 92 18 76 61 28 26
86 67 24 8 13 72 22 96 62 54 93 10 58 41 97 59 38 63 32 51 65 16 100 87 24 0 30 77 96 19 43 98 71 92 93 25 83 41 95 95 29 39 69 81 76 11 47 100 2 75 75 35 32 78 22 29 28 48 52 76 19 39 3 11 50 64 99 48 1 15 6 1 13 42 25 49 70 97 44 52 3 65 14 23 39 48 71 70 6 68 28 79 0 47 61 58 15 43 3 12
27 49 16 58 87 61 36 69 95 68 31 71 77 72 57 23 89 91 27 63 49 18 0 75 11 85 33 29 42 46 42 89 84 1 20 13 52 11 85 15 88 26 44 31 100 3 44 11 86 6 65 79 34 93 95 6 0 15 100 78 17 36 84 24 79 92 18 58 64 32 67 41 34 52 60 3 99 34 3 31 61 99 35 88 57 16 95 95 42 13 74 34 17 2 23 40 4 86 35 22
59 32 12 38 98 1 81 11 28 34 51 16 39 41 58 4 79 60 75 73 67 72 43 74 49 11 15 38 12 27 65 40 36 50 54 100 25 35 70 13 74 86 88 28 53 4 9 28 99 24 51 78 39 61 86 18 42 60 27 3 81 16 22 12 68 86 55 37 100 36 55 47 91 65 53 42 66 14 96 3 13 28 10 35 70 69 78 71 80 23 79 14 62 86 71 21 37 81 28 86
100 83 59 91 42 52 53 97 28 21 38 20 38 42 15 76 82 33 92 70 46 25 24 51 96 33 86 92 44 60 32 29 75 6 10 8 0 62 52 95 2 20 43 61 56 31 28 1 15 49 13 4 57 44 80 25 47 97 37 63 94 84 84 64 34 42 33 63 63 75 93 13 80 31 35 5 28 31 57 11 32 27 98 22 87 59 42 91 56 57 35 7 55 91 88 91 38 56 85 67
36 83 58 70 47 75 51 15 84 100 92 37 68 4 90 55 54 25 51 93 57 64 56 77 46 27 89 47 36 28 87 77 64 36 18 53 42 24 42 47 10 81 73 88 87 66 93 27 80 1 71 79 50 89 74 59 83 1 5 38 71 71 85 42 62 5 54 93 52 1 14 59 30 45 49 23 31 25 92 22 24 90 12 61 87 68 40 69 48 94 22 74 53 54 50 26 23 35 23 95
46 31 45 52 36 86 3 38 69 59 26 52 77 85 46 98 54 24 45 93 28 100 47 64 71 80 60 2 6 37 9 53 0 37 80 80 0 19 84 59 98 50 28 87 1 72 14 46 39 20 79 100 60 44 60 2 19 5 93 85 33 41 70 53 79 33 27 14 77 22 61 8 51 69 12 44 3 95 41 59 77 5 81 29 3 70 30 18 97 9 21 10 2 41 31 39 32 89 93 41
70 89 52 25 76 83 99 42 76 81 71 48 38 0 25 90 54 2 37 96 82 99 23 84 91 30 14 75 32 32 96 90 48 14 5 75 20 3 95 10 97 71 24 49 22 11 28 42 46 19 47 80 24 55 13 96 99 51 44 56 39 33 33 46 30 50 90 19 31 29 53 97 61 85 52 30 13 28 57 30 30 19 100 11 87 57 88 51 67 82 29 20 57 86 52 64 47 21 61 1
76 47 90 21 24 87 46 80 42 90 18 8 56 100 33 75 64 21 12 58 13 13 94 42 5 79 93 63 86 57 59 21 98 90 24 80 84 22 17 88 65 71 90 71 51 15 70 73 21 85 74 100 49 100 70 52 26 57 57 25 27 22 63 2 72 16 95 42 95 41 33 73 74 48 71 46 73 63 7 15 23 37 12 42 43 11 0 20 3 86 91 92 41 3 7 15 58 18 71 65
49 13 46 94 61 91 44 8 78 29 50 54 86 67 36 6 49 21 29 10 41 58 96 29 54 22 68 60 16 58 22 18 93 7 87 24 42 12 100 92 91 64 62 55 16 34 98 42 20 43 36 61 55 69 37 60 74 17 58 74 100 29 33 34 5 76 3 83 35 73 22 33 98 85 96 78 31 67 84 48 45 57 65 37 57 40 85 44 79 88 88 42 0 11 85 54 99 78 10 51
63 22 50 58 23 64 99 85 39 55 96 10 65 37 52 83 82 10 23 22 57 46 67 82 14 83 7 28 89 50 31 85 20 100 17 35 82 60 53 18 94 45 77 53 19 8 63 53 49 58 42 32 45 87 86 28 44 75 75 54 3 8 66 94 91 67 38 16 41 97 25 14 0 27 35 35 50 7 49 13 13 64 79 74 94 99 11 72 10 79 47 94 78 78 13 32 1 46 92 61
27 66 22 39 19 26 16 80 45 91 74 11 43 20 73 76 93 35 8 66 52 43 34 67 94 78 68 65 23 83 94 21 75 74 87 10 57 15 2 60 38 46 30 55 16 73 19 57 59 40 8 12 91 48 100 6 73 77 73 100 87 30 95 59 72 2 12 47 12 27 37 38 1 28 47 70 43 95 76 34 41 6 24 27 53 85 38 14 15 72 33 38 65 70 92 49 68 24 38 26
33 64 51 23 31 41 7 68 28 55 96 41 33 54 22 68 80 20 28 87 47 19 25 64 16 0 59 26 28 52 31 20 80 71 4 9 70 64 94 51 91 63 16 45 23 41 49 97 28 16 23 0 57 97 59 9 49 40 38 85 28 16 10 16 49 74 62 5 39 9 2 21 22 71 14 73 18 89 81 41 50 56 99 4 98 84 15 38 71 2 69 10 63 13 13 13 75 89 8 68
10 76 65 70 3 37 37 99 86 53 13 34 78 79 1 31 83 95 94 41 58 18 29 45 97 29 20 38 2 7 54 58 22 77 96 10 40 75 27 40 33 13 55 11 61 68 88 55 85 62 9 22 74 78 76 79 82 72 44 63 29 36 57 61 11 27 95 72 66 20 20 25 79 27 12 44 39 53 81 90 13 89 80 90 50 31 15 65 74 60 50 57 75 87 18 93 49 83 89 15
63 16 64 59 82 88 15 14 82 50 6 51 70 50 5 74 52 2 90 70 64 48 13 7 88 63 91 13 26 4 9 91 23 23 24 89 12 37 6 35 79 76 21 34 55 99 86 50 42 36 52 11 66 51 18 69 41 89 18 2 39 94 37 15 82 8 44 65 14 55 31 14 52 45 28 39 40 47 52 23 14 100 60 59 54 78 47 38 21 65 46 76 31 76 22 92 3 71 62 93
91 8 32 0 20 25 91 70 18 78 52 96 26 90 40 82 84 96 23 24 9 60 46 53 4 24 51 53 55 83 42 77 94 96 19 1 30 71 97 20 14 18 89 68 69 47 85 33 72 73 91 92 69 10 87 89 24 41 27 90 62 67 9 44 40 34 39 40 33 50 79 21 7 23 40 26 89 86 93 92 32 62 18 38 22 25 88 29 50 93 27 71 41 88 53 90 75 64 65 46
17 91 97 11 33 57 70 5 86 29 50 72 73 59 49 72 87 88 31 42 96 85 63 25 19 52 90 1 69 74 75 39 75 49 5 66 58 99 68 69 11 85 22 11 10 69 17 66 59 43 68 50 59 41 34 7 96 86 99 83 50 43 64 59 60 3 71 58 2 25 9 25 16 53 67 6 37 10 28 11 3 82 80 29 100 94 62 2 9 12 34 20 67 9 67 36 79 88 98 27
66 42 57 54 52 12 36 3 49 69 40 47 24 74 33 1 100 49 44 93 27 15 40 40 11 16 41 41 65 27 59 70 44 77 62 94 85 7 95 57 85 50 51 9 58 100 77 59 70 41 18 56 59 26 49 55 53 99 28 27 2 27 52 14 16 52 54 39 47 55 40 61 67 67 79 59 8 34 35 8 34 61 76 7 26 84 78 28 65 73 42 53 79 94 94 15 56 64 31 50
42 6 57 61 69 72 12 34 51 19 51 28 13 69 83 54 33 82 62 74 66 39 43 71 59 68 32 99 72 77 8 19 41 41 6 29 45 62 46 38 7 58 83 100 32 92 61 14 49 84 62 80 2 19 46 74 66 18 26 96 64 56 10 82 34 58 7 91 74 90 79 18 7 6 22 49 59 64 84 81 47 80 72 88 47 55 55 65 84 80 78 67 87 12 26 82 41 39 28 87
50 90 63 6 64 84 43 44 60 15 94 98 43 82 63 72 0 64 58 86 87 96 88 1 12 25 31 53 17 43 98 10 33 26 94 51 40 74 100 87 54 15 81 87 42 76 4 28 93 11 62 24 87 36 60 29 67 75 9 49 48 100 21 76 66 6 23 93 45 80 100 31 9 67 38 95 89 18 7 34 98 43 42 49 23 27 16 41 95 84 38 90 89 51 23 28 11 19 84 22
21 82 1 84 37 98 3 60 96 24 7 89 88 82 25 95 85 13 39 19 49 35 34 58 13 45 12 82 26 21 75 51 98 80 37 96 66 46 56 41 0 99 40 10 19 73 32 80 27 28 44 96 82 11 31 23 44 4 2 33 78 76 40 38 55 21 54 9 38 27 23 61 19 96 98 92 16 80 42 13 52 47 31 27 56 4 62 45 86 50 46 94 94 1 25 4 36 43 2 44
34 81 53 51 23 39 32 2 8 82 94 54 25 36 87 9 36 54 23 4 94 13 70 83 96 70 34 44 70 9 29 50 38 21 55 98 23 82 67 67 89 32 12 36 74 74 24 29 34 4 63 79 88 84 30 94 77 53 35 66 91 80 78 59 52 2 48 37 63 100 33 30 78 26 96 55 9 84 73 55 100 16 40 34 80 40 1 91 40 47 79 86 12 42 19 50 68 35 57 52
92 26 83 67 43 86 51 92 47 33 63 24 2 82 87 66 85 93 63 25 34 42 84 70 50 50 90 35 37 24 92 68 20 73 21 89 45 81 10 55 40 63 20 89 9 91 30 33 7 53 33 21 71 52 72 5 14 75 73 58 85 57 0 98 9 5 97 43 99 30 89 51 27 2 55 85 59 24 70 4 96 78 29 63 78 98 91 31 15 48 86 71 13 76 49 77 12 80 68 69
67 74 39 92 79 54 64 6 72 97 25 43 88 86 60 2 26 41 10 84 79 34 72 43 6 0 63 87 99 93 28 58 71 52 88 78 17 19 2 46 94 15 25 93 23 12 64 93 45 16 98 59 13 14 87 57 53 64 36 99 34 86 36 33 59 78 15 1 88 99 23 8 4 0 52 18 90 55 48 89 63 54 92 20 69 99 24 39 9 32 35 5 63 64 1 86 4 24 50 91
47 46 53 14 9 5 97 22 48 5 40 73 51 0 62 36 78 10 82 63 33 86 16 34 4 96 88 83 43 23 50 49 81 90 33 34 27 63 4 94 31 44 57 76 13 74 12 62 37 35 91 30 71 47 18 3 41 72 60 80 65 95 68 90 49 33 67 98 62 3 72 3 74 75 21 34 7 4 60 56 97 95 26 12 72 54 42 28 21 46 90 84 9 10 36 48 17 80 65 69
69 24 94 87 2 13 93 34 38 12 9 89 41 23 36 33 85 56 86 4 11 51 15 64 92 42 87 84 90 77 19 35 71 57 68 11 31 82 2 3 87 75 65 6 32 81 3 25 4 51 45 86 53 9 52 44 44 97 80 70 34 2 53 52 64 58 89 5 71 97 39 35 74 79 75 76 40 54 78 78 53 23 83 7 38 66 60 59 34 44 14 97 71 96 7 87 36 25 9 22
28 42 92 44 62 6 41 91 83 93 63 95 74 75 47 33 64 26 25 19 35 90 9 74 80 57 89 57 59 69 48 81 84 55 6 66 71 5 56 3 11 18 36 3 28 69 33 17 54 18 51 4 82 75 42 23 4 99 60 35 63 89 91 72 44 2 37 55 85 14 79 20 22 22 79 35 75 88 8 68 54 3 56 72 56 76 78 11 7 21 59 71 42 24 75 71 33 98 32 14
84 79 51 26 37 29 53 40 6 23 21 37 97 89 50 17 19 86 80 15 86 22 29 81 9 36 19 70 18 58 36 23 16 28 74 85 49 87 97 96 78 7 76 78 32 33 71 39 11 5 93 95 28 55 27 30 97 40 55 71 43 61 41 87 46 48 30 35 9 10 22 61 61 16 41 19 38 17 34 85 4 20 17 52 97 19 87 47 97 74 41 95 70 35 47 61 0 91 1 100
63 9 30 92 91 17 44 49 90 73 58 98 10 71 18 100 11 5 39 35 28 27 74 16 74 40 85 90 70 90 49 95 9 62 100 25 74 86 32 45 60 44 6 77 6 28 82 4 51 19 67 21 60 23 1 45 31 53 51 73 5 26 69 97 62 3 10 13 93 85 89 92 73 84 61 1 66 54 59 45 89 70 21 6 29 94 23 55 73 51 76 4 47 7 53 70 29 60 43 47
45 8 91 34 87 80 98 93 75 53 74 51 10 2 70 92 29 29 40 61 78 92 76 89 80 55 45 62 60 14 24 0 36 48 62 13 14 96 34 75 42 62 21 19 82 33 89 62 26 63 38 88 86 68 56 59 76 26 74 78 72 7 36 78 89 8 79 60 16 20 71 17 25 45 36 89 14 74 15 86 88 7 22 44 21 17 14 27 87 34 50 13 56 80 73 8 43 9 43 63
6 14 58 41 67 42 69 37 50 91 23 22 16 87 96 84 84 87 93 32 35 89 15 92 9 45 89 76 67 3 83 71 69 64 38 89 39 25 8 50 46 96 7 50 88 77 99 99 77 1 47 29 94 37 6 31 90 57 1 0 19 66 5 67 57 2 10 14 7 92 44 39 15 82 93 95 97 6 19 93 33 46 82 39 33 42 40 10 18 78 11 27 27 71 41 50 75 38 22 63
93 47 1 22 74 43 43 70 80 62 3 49 61 24 10 29 79 6 16 25 83 45 0 9 31 9 58 0 96 10 30 46 1 69 56 50 61 19 70 95 16 68 63 71 63 30 86 74 92 36 98 32 37 93 65 0 58 82 19 98 29 91 52 64 1 64 17 19 42 26 74 61 56 54 83 98 50 78 72 65 87 30 37 34 29 49 68 47 78 48 93 24 34 92 60 12 100 70 69 32
25 0 64 82 82 71 44 7 98 54 19 22 93 17 26 98 60 75 65 61 71 27 32 37 50 29 57 10 19 79 23 79 21 91 24 23 34 46 90 83 61 28 14 2 40 43 81 40 22 49 88 41 96 52 36 65 88 9 12 96 32 20 14 63 71 2 36 3 3 22 75 33 93 90 10 20 61 79 0 98 0 91 66 43 8 64 32 50 67 56 36 49 43 40 67 0 19 57 6 75
19 49 81 55 92 62 63 28 79 98 78 81 3 49 85 96 0 71 62 27 68 30 50 42 44 14 63 7 38 78 2 34 62 52 56 11 62 12 64 9 84 34 61 77 13 79 43 1 96 8 27 7 47 79 10 16 85 81 28 41 32 9 51 61 58 78 56 96 67 78 60 61 95 99 22 51 14 50 83 73 27 92 2 67 47 66 8 88 60 81 30 95 81 18 21 75 10 39 43 37
76 29 59 53 24 63 91 72 86 81 34 28 91 27 70 8 53 91 87 78 24 60 17 63 39 49 90 83 63 40 77 0 4 35 17 45 60 64 20 78 44 69 83 25 27 20 58 21 65 65 76 11 30 11 27 16 88 17 98 12 94 3 41 23 36 24 20 4 98 39 63 72 0 0 27 55 48 19 67 4 79 36 93 53 78 98 38 35 91 7 38 72 34 35 16 7 46 35 99 71
32 47 1 48 68 96 75 77 74 75 36 17 91 9 11 44 37 2 92 32 26 35 78 5 74 38 91 33 86 32 90 5 6 38 83 32 23 37 42 44 77 18 42 2 1 3 56 62 97 52 64 85 60 15 71 14 48 26 44 8 100 27 95 48 72 68 52 58 59 81 19 6 77 35 42 5 43 44 78 39 84 63 20 84 42 100 18 79 15 42 61 21 71 58 69 13 20 52 76 97
72 1 76 6 51 42 7 28 53 53 71 48 80 46 45 100 26 14 71 22 63 40 87 79 83 17 85 4 12 31 61 44 89 69 91 27 62 80 99 18 71 69 78 52 96 34 87 17 79 90 39 43 72 0 79 89 45 47 24 15 4 91 6 62 8 96 16 78 88 3 87 33 69 69 75 67 87 26 42 44 64 36 18 64 33 23 95 85 32 8 16 53 20 64 82 66 23 86 81 54
68 13 36 9 41 23 6 11 18 50 99 64 8 29 2 97 90 89 68 22 83 87 20 78 20 12 13 21 85 67 87 81 63 4 100 5 64 86 33 26 2 22 54 34 90 50 57 76 15 28 25 44 31 100 26 54 18 3 47 36 37 65 29 47 0 96 53 29 62 12 68 67 60 5 65 28 94 75 51 89 80 70 26 62 61 92 17 66 1 71 89 51 0 36 87 12 1 77 0 29
12 32 46 71 68 45 29 87 39 64 62 88 66 91 79 91 52 65 40 89 90 30 29 19 91 57 0 54 38 8 14 66 78 42 1 7 81 4 58 86 45 44 96 24 32 7 71 40 51 41 44 47 45 71 26 26 84 2 72 65 4 18 98 13 12 87 84 37 92 76 90 7 27 23 36 81 69 13 65 6 66 34 43 9 4 42 16 42 80 31 89 70 2 26 43 93 18 91 93 38
64 50 61 62 47 69 47 39 40 60 39 64 35 87 86 84 55 44 45 67 18 14 46 37 59 33 2 58 23 2 10 30 77 20 94 15 28 7 65 44 87 68 48 99 23 99 70 50 34 19 15 41 0 5 33 45 81 99 10 14 32 23 88 8 82 77 55 67 12 41 42 50 58 29 76 80 48 69 22 27 11 89 86 72 83 90 94 79 92 89 45 33 33 1 29 18 39 14 92 47
65 3 28 51 54 19 47 74 48 73 12 81 11 84 36 63 60 31 14 30 61 66 91 88 92 13 2 47 59 79 91 43 50 32 19 64 20 22 4 70 77 83 45 70 39 89 1 31 65 67 59 46 82 89 57 83 47 94 30 67 53 75 35 38 67 27 49 99 37 100 33 57 52 23 31 43 10 17 52 53 18 37 57 3 93 92 93 81 67 48 96 9 42 65 78 19 67 29 11 77
88 56 94 10 33 68 59 38 60 20 73 100 39 59 55 71 37 7 72 12 83 20 0 27 21 26 4 78 33 9 99 28 64 57 27 77 17 96 75 35 55 90 98 100 68 17 82 17 3 14 56 42 17 12 53 100 85 35 26 61 17 95 67 84 68 47 7 9 92 79 33 94 51 65 65 56 33 64 8 51 24 90 34 51 18 60 45 41 3 93 21 65 52 21 11 45 18 73 98 46
6 31 97 84 7 50 50 62 45 5 65 91 30 21 98 36 69 63 31 76 1 73 32 81 75 36 56 57 60 43 91 67 54 65 35 9 38 37 48 90 31 96 42 43 79 34 86 56 56 47 5 66 60 1 81 86 22 26 14 79 53 60 48 33 66 80 51 70 31 48 96 29 69 95 31 39 24 69 54 16 88 22 31 48 21 37 87 76 92 51 23 95 58 93 80 12 18 16 1 99
4 15 80 2 88 65 84 64 19 76 23 73 71 79 11 2 5 44 81 13 29 53 85 67 56 71 20 8 52 83 13 32 22 76 56 8 63 81 62 68 55 15 69 86 41 45 11 62 83 57 92 52 70 83 32 12 63 50 93 27 27 30 51 81 57 52 16 5 52 71 58 48 70 46 72 45 81 97 41 54 82 40 47 67 70 24 62 21 16 60 70 58 6 68 62 36 83 6 85 46
94 79 77 70 92 15 46 80 68 11 28 83 67 39 82 8 18 77 22 36 17 1 6 11 62 22 28 40 28 29 49 9 54 11 56 52 45 68 35 60 92 17 58 32 11 92 95 61 97 18 95 38 17 19 42 93 1 96 48 20 87 93 95 93 55 27 15 95 13 21 73 63 76 12 62 58 47 4 54 19 69 33 42 98 8 60 51 58 25 22 50 23 51 65 80 2 60 74 64 42
54 1 92 32 67 31 45 0 57 91 66 44 63 93 36 30 3 77 24 27 69 11 19 4 27 97 95 72 75 23 95 60 49 73 59 73 82 33 3 24 62 100 77 86 82 16 39 74 84 67 42 71 8 98 66 75 93 63 85 53 39 27 28 26 47 35 39 65 9 79 26 2 33 20 60 47 78 86 30 99 58 46 23 7 34 92 88 27 54 96 100 20 11 57 55 72 3 3 29 30
43 98 84 82 44 9 9 28 51 19 60 33 79 71 15 94 51 60 44 2 29 96 71 91 93 88 71 32 69 55 6 99 57 51 80 96 4 12 21 74 11 37 77 79 24 25 9 78 41 75 43 69 39 29 20 56 92 91 89 8 56 31 14 39 68 30 41 10 47 41 96 41 99 22 75 77 95 7 65 83 33 51 61 43 71 93 85 63 65 70 35 75 43 51 22 18 46 21 57 62
36 95 16 42 3 45 56 17 28 25 51 87 21 25 94 58 14 72 0 73 80 71 65 89 64 18 63 1 54 36 13 62 71 9 40 51 8 72 7 13 90 4 53 53 48 13 73 64 76 20 64 62 93 72 48 79 17 78 35 74 29 8 17 38 25 43 39 21 17 63 1 22 40 86 14 31 81 68 50 8 54 52 73 72 58 58 36 97 68 17 45 5 25 95 55 63 0 97 50 86
59 41 10 94 35 66 70 95 51 72 14 24 90 32 61 93 63 78 69 36 87 32 91 82 96 30 47 66 71 69 73 27 74 76 99 53 24 62 60 15 3 62 42 70 99 67 34 98 65 36 47 9 73 95 74 91 2 3 52 23 24 34 81 84 57 97 75 12 55 39 43 52 99 18 43 88 63 94 87 42 89 33 35 26 71 68 61 99 92 23 77 1 44 99 3 55 100 85 1 89
50 4 87 33 24 22 71 47 10 57 58 69 9 21 24 59 36 0 55 45 7 42 3 90 58 82 47 66 31 46 74 82 76 60 0 36 38 56 28 59 94 45 16 1 36 26 60 1 41 81 92 24 19 61 37 21 94 85 8 16 93 34 8 10 79 8 66 19 73 75 67 58 26 22 24 87 54 84 1 37 40 69 71 43 8 97 59 45 67 80 90 37 13 52 97 41 82 92 83 7
64 29 30 95 70 1 72 49 80 43 91 93 37 73 63 79 5 11 42 28 31 88 38 57 16 5 46 58 14 69 74 28 13 37 24 20 20 80 99 26 21 15 18 80 26 76 71 6 69 45 32 69 68 11 15 1 93 72 28 87 19 64 44 35 72 66 75 83 7 50 3 49 88 78 80 12 42 9 90 71 48 62 83 65 67 1 96 58 80 53 41 29 7 53 97 74 73 86 35 78
65 6 74 73 92 76 12 24 85 9 5 90 67 85 40 39 98 11 14 80 78 88 15 93 28 22 97 62 38 56 38 82 37 50 93 62 37 5 83 95 65 43 69 76 50 7 50 32 47 76 86 80 87 25 95 21 64 72 95 38 20 59 31 60 52 78 87 84 35 31 17 47 44 78 28 59 36 54 42 9 34 52 26 42 92 69 0 16 58 10 12 34 48 39 71 42 100 57 79 58
56 70 66 92 40 95 54 28 23 44 22 35 18 5 44 60 35 67 73 56 11 40 15 77 49 20 1 16 37 93 18 53 82 63 95 45 26 12 23 81 51 85 36 22 93 70 30 36 34 94 94 5 58 27 59 56 39 26 5 74 33 56 20 23 73 69 65 4 95 96 99 57 89 6 6 88 41 21 56 93 51 7 86 89 37 91 0 98 56 35 84 14 35 53 74 81 47 51 10 1
89 84 91 71 19 24 32 41 51 58 42 42 22 25 87 99 38 49 55 34 82 16 92 24 86 74 11 79 18 13 42 77 16 53 3 58 60 98 71 64 24 89 93 44 48 58 31 95 3 71 34 63 53 30 93 74 16 29 2 84 98 31 87 31 26 78 47 41 99 62 7 1 21 26 73 85 68 37 67 3 27 21 30 25 9 39 27 15 59 23 98 92 54 60 63 27 54 60 46 76
99 33 98 88 84 61 55 23 97 93 24 95 94 78 11 16 27 71 88 83 92 73 0 64 94 18 95 33 72 98 23 88 7 76 5 94 80 57 19 17 72 60 54 56 71 82 62 99 62 86 18 24 94 37 85 81 83 100 42 38 24 88 46 71 59 46 29 38 77 31 86 47 76 23 1 76 33 37 41 51 84 34 16 24 20 83 16 42 53 82 23 1 42 0 66 38 19 4 50 51
37 54 16 86 46 53 99 1 59 43 87 67 16 81 29 61 33 45 69 16 27 56 28 40 21 94 3 72 69 41 19 59 2 67 39 63 90 70 79 58 24 81 76 55 77 85 79 21 11 51 30 88 63 38 5 72 26 19 69 17 24 100 67 66 53 11 62 73 18 67 95 62 93 94 42 49 42 62 95 76 49 19 19 50 24 45 51 55 21 47 4 57 77 41 49 67 65 78 7 75
27 29 66 60 40 27 98 15 22 4 23 63 22 55 67 21 73 78 40 27 78 40 17 15 96 29 10 68 40 58 95 24 81 43 96 16 25 7 41 18 54 83 18 21 66 91 81 26 36 83 100 62 20 81 89 9 72 38 86 59 50 18 87 5 48 18 2 16 30 3 48 4 95 29 37 31 13 30 13 63 33 52 24 26 36 47 40 93 79 93 24 60 33 17 42 41 24 94 25 100
70 88 32 40 68 66 29 32 99 32 70 52 61 83 50 47 77 45 78 49 7 41 99 1 100 92 66 43 57 21 91 70 56 94 1 21 16 46 33 50 11 1 37 34 43 92 15 47 9 10 29 4 98 24 72 90 48 93 76 1 30 85 72 2 14 14 48 29 18 42 57 89 35 56 45 40 18 39 88 51 28 84 44 3 64 41 100 74 23 35 72 12 64 61 50 30 23 33 38 38
100 0 76 44 61 18 93 15 86 84 47 41 22 34 6 20 12 67 83 89 47 94 23 89 29 37 67 15 20 21 87 78 93 74 33 86 66 60 58 47 48 80 10 93 34 32 44 82 54 72 58 17 85 10 16 66 1 7 26 77 58 84 69 51 45 76 60 56 92 69 74 27 17 1 50 63 35 76 83 15 100 16 19 53 96 64 79 55 52 47 83 96 87 7 87 100 7 91 0 47
76 29 45 8 45 4 39 9 52 55 38 44 76 42 98 73 16 42 94 74 54 54 4 77 49 91 99 51 64 31 97 72 67 19 91 69 70 100 55 83 61 96 75 0 28 97 79 13 74 19 40 75 34 64 30 57 97 38 96 59 38 89 50 51 45 59 74 36 86 55 6 76 13 51 83 54 68 76 97 20 46 85 12 90 6 67 55 90 30 13 77 15 61 56 72 83 66 92 91 7
41 34 25 45 57 39 42 85 62 3 46 66 14 37 12 46 52 15 7 83 26 31 74 1 64 37 15 5 31 83 13 4 94 1 3 22 87 65 17 69 10 44 45 0 66 69 75 10 32 4 82 25 4 59 54 74 57 24 45 64 78 88 19 18 88 94 91 20 32 70 10 79 23 17 40 82 99 17 90 44 72 5 25 50 70 36 44 18 93 65 14 5 25 80 71 91 95 20 33 89
53 90 7 23 18 92 89 94 11 44 47 36 83 7 75 53 37 46 29 58 92 62 70 39 6 69 88 99 11 14 46 18 17 46 48 36 28 93 22 16 87 32 74 94 100 93 31 5 54 57 4 91 84 66 77 24 27 90 72 62 69 55 8 83 66 73 15 16 38 34 3 9 95 42 18 60 68 62 32 44 46 28 10 44 63 5 32 45 81 41 97 8 56 27 1 99 55 17 63 82
42 78 85 17 74 89 10 69 36 6 51 88 36 74 38 20 63 62 25 14 61 54 91 50 42 12 50 45 16 30 69 86 74 42 70 69 18 4 100 37 42 33 92 81 94 39 32 30 7 61 59 16 2 41 92 32 22 15 81 1 82 23 18 74 52 9 58 4 51 48 82 63 54 79 40 13 73 35 0 77 28 79 52 87 51 47 2 98 72 90 83 7 3 10 21 71 40 37 70 11
57 12 30 55 50 85 9 74 49 64 10 84 79 75 10 76 56 2 5 86 38 87 45 7 89 70 78 7 98 75 34 39 73 88 10 51 32 2 84 61 22 85 69 52 88 47 93 73 38 82 97 80 57 34 81 90 41 93 64 91 85 100 93 15 96 42 97 42 82 20 95 13 87 73 12 51 74 54 3 7 43 88 55 4 16 30 82 28 31 17 97 33 96 13 66 70 83 89 91 38
4 99 84 13 49 43 28 44 34 90 20 15 81 91 80 70 70 59 32 73 97 93 48 67 75 100 15 29 91 46 81 4 69 78 54 96 88 71 46 5 27 33 43 67 72 75 43 16 37 69 37 4 74 72 64 79 25 10 35 23 91 96 26 26 56 87 85 88 49 65 82 42 50 39 99 22 68 4 41 72 62 85 45 8 6 42 99 95 73 13 36 65 83 69 99 55 38 12 56 81
96 0 55 87 65 95 41 99 78 42 73 44 66 55 62 33 55 2 83 87 34 18 68 66 42 61 70 25 39 43 17 43 86 56 97 34 19 13 29 75 95 46 75 25 48 50 19 50 63 4 80 24 87 44 47 66 67 51 78 12 0 18 32 21 63 62 9 15 97 47 3 13 88 89 5 82 55 41 41 55 49 66 95 81 54 87 23 49 5 8 39 62 75 68 79 90 83 18 53 87
96 57 27 43 29 74 98 14 86 61 98 42 70 65 69 4 50 38 22 10 47 86 42 83 7 50 38 23 97 10 53 80 69 36 28 90 19 70 45 44 55 84 51 88 33 29 86 63 37 76 80 15 58 74 75 89 99 71 78 11 3 52 1 100 27 93 76 94 33 10 51 89 60 8 40 34 15 12 11 86 35 96 83 19 88 8 39 100 66 65 91 30 5 22 80 49 39 71 18 20
23 25 8 39 75 68 35 45 92 33 91 78 49 54 50 97 63 98 57 59 42 43 77 64 83 92 73 86 100 63 3 29 92 99 16 87 60 28 60 3 14 23 60 66 81 67 51 39 66 54 26 68 44 32 5 51 1 43 7 16 60 82 2 95 58 37 57 28 68 86 57 84 71 81 78 40 49 35 64 75 40 100 73 52 13 49 25 54 66 63 62 22 70 78 52 89 99 52 56 37
30 55 82 87 81 22 98 53 99 36 18 97 33 20 15 22 88 48 49 66 83 4 18 44 9 7 75 73 44 31 50 55 53 12 49 23 80 16 7 78 15 83 89 12 6 92 39 31 75 44 100 90 72 90 37 84 66 25 28 36 27 26 59 51 37 7 54 57 41 93 23 40 64 76 27 96 8 29 11 57 40 63 90 68 58 64 93 60 57 46 10 46 80 27 9 18 85 16 76 97
67 86 57 72 11 48 46 89 10 25 24 45 95 6 17 96 77 36 57 3 69 2 28 40 45 62 74 88 84 15 68 96 52 7 29 54 77 24 17 82 49 59 50 53 55 25 60 79 64 7 27 25 98 58 92 41 90 3 69 42 18 57 43 77 38 18 96 20 75 22 10 83 23 97 72 64 61 88 49 95 47 41 78 10 69 34 30 73 58 71 8 100 6 45 14 91 18 41 37 76
47 74 20 22 77 56 37 52 72 86 63 0 97 43 15 1 27 74 45 89 34 48 28 31 45 25 7 88 76 36 11 51 96 4 20 9 86 50 60 26 0 69 55 72 27 5 63 16 53 41 22 13 12 97 20 71 36 39 13 6 93 24 31 1 24 35 71 8 47 93 15 73 77 76 88 30 24 95 42 95 4 82 12 63 10 17 95 60 100 46 75 20 23 84 4 26 31 18 29 49
6 14 98 14 70 98 98 51 64 52 88 47 97 21 47 97 32 73 56 49 60 2 13 71 43 29 81 45 95 81 19 72 80 28 24 5 87 95 34 88 47 94 90 91 51 99 47 9 49 92 42 23 79 51 30 0 78 16 50 53 9 7 76 2 92 2 91 5 22 89 86 98 49 90 3 26 72 50 17 86 33 31 22 50 6 32 42 16 29 82 34 28 93 79 45 57 5 67 25 67
73 41 0 23 2 47 79 25 11 21 43 53 89 98 31 56 3 20 40 55 39 82 58 50 61 65 10 68 15 37 78 11 75 2 1 64 51 47 96 9 82 88 39 31 75 66 10 62 17 35 61 86 96 71 48 5 11 9 22 29 91 91 14 94 64 8 66 51 34 54 12 91 54 37 81 6 57 100 55 53 54 23 94 100 54 63 57 69 84 29 97 89 86 7 86 70 75 43 7 5
18 16 31 66 56 39 14 81 90 78 24 70 35 43 45 43 29 21 9 49 100 98 53 92 16 54 98 4 90 1 53 63 91 72 2 95 75 100 28 13 14 88 96 36 49 24 97 11 95 20 58 65 63 18 71 48 82 6 19 5 23 92 56 71 4 20 6 42 82 82 78 34 89 68 40 68 41 2 52 52 11 87 88 38 63 100 2 55 82 60 22 4 82 2 56 93 89 79 15 36
36 98 68 58 76 12 27 16 92 17 37 47 91 66 61 28 28 92 21 33 99 12 31 46 87 89 16 1 56 28 44 47 52 55 87 56 87 10 45 39 18 35 82 68 5 80 94 17 93 3 12 30 66 52 46 75 1 61 68 77 81 85 90 46 46 41 81 77 23 60 79 90 67 14 58 20 68 65 40 19 71 56 27 11 0 59 21 10 47 85 44 31 95 97 92 21 71 33 27 63
90 71 65 42 91 96 15 82 6 46 8 23 53 12 28 63 9 58 73 16 6 73 68 38 57 30 4 52 21 12 74 42 51 82 31 74 35 26 40 42 53 80 100 13 51 48 53 83 39 35 28 88 36 64 17 79 57 43 77 33 45 19 60 43 69 43 7 51 16 53 69 45 27 92 93 93 93 48 66 10 69 84 65 16 9 65 0 59 96 89 88 36 72 13 50 72 61 91 89 78
5 94 79 22 41 97 67 9 14 70 27 69 31 74 11 55 89 75 85 74 23 50 77 8 8 41 41 93 14 26 41 60 33 67 5 14 56 34 24 0 25 86 85 48 68 26 46 4 46 24 87 6 98 39 16 14 45 88 82 28 76 64 94 68 20 4 60 33 70 70 14 17 6 29 13 36 12 42 46 27 84 50 39 96 33 83 81 23 41 17 13 69 97 59 38 45 34 96 73 76
94 20 94 56 14 29 1 11 17 71 66 46 5 100 56 4 53 60 55 83 23 86 3 73 46 95 41 62 45 100 16 40 2 18 52 81 18 83 4 34 47 46 57 76 80 38 15 36 25 85 97 57 76 39 96 0 15 40 81 56 29 47 39 28 43 79 47 29 51 66 57 37 3 13 94 74 62 35 100 60 36 59 0 69 54 74 90 80 91 78 52 86 2 86 20 82 14 62 81 92
52 38 70 53 33 96 37 80 24 93 45 21 38 42 51 99 3 39 92 1 37 65 16 47 11 64 77 54 54 40 10 42 60 6 71 90 17 29 53 80 90 80 30 20 38 17 2 95 100 68 92 94 45 87 28 98 24 47 45 8 98 53 65 84 44 39 68 40 34 61 10 56 26 2 94 92 25 37 16 47 61 46 7 33 8 26 88 37 79 47 83 42 68 39 91 50 91 41 66 48
24 98 100 79 21 23 25 58 82 59 46 30 38 36 90 48 57 44 53 63 97 57 56 83 93 59 36 4 28 7 22 1 41 31 99 3 28 28 18 21 25 91 63 15 23 58 21 76 42 73 57 82 68 53 56 56 50 51 32 61 100 65 53 60 6 62 73 11 52 95 42 13 16 24 87 1 63 73 44 45 90 74 72 22 35 31 27 24 62 44 22 88 94 100 97 3 89 26 29 24
94 71 65 31 92 0 71 80 10 79 16 88 55 16 59 76 97 84 61 69 51 3 54 10 98 19 81 94 77 59 79 95 48 46 49 44 77 5 61 80 51 95 90 91 24 96 39 66 80 81 59 85 15 42 31 52 44 74 7 54 32 75 73 3 42 9 87 23 60 54 63 80 0 85 26 49 9 79 14 79 44 72 65 49 85 1 94 80 74 16 61 37 40 32 53 45 26 96 93 77
61 22 66 35 52 54 22 76 37 48 82 70 78 81 52 46 55 36 7 83 84 3 46 88 75 50 34 46 38 72 82 28 31 60 92 32 49 69 37 18 66 59 57 73 90 44 78 77 57 31 83 85 75 80 99 31 22 91 100 21 65 91 91 59 44 48 33 93 54 73 20 73 19 70 30 66 36 15 85 25 83 87 53 81 46 35 96 0 96 39 33 83 57 0 18 55 71 82 12 99
1 65 45 91 21 54 83 0 89 18 76 63 12 58 74 54 45 48 48 77 95 54 25 57 26 3 87 48 45 78 69 41 87 26 67 52 12 73 67 24 85 0 69 78 41 1 10 19 58 76 32 88 78 84 31 74 70 84 38 75 99 78 40 71 67 21 13 41 33 32 77 98 64 11 92 95 22 46 24 70 93 50 69 71 94 27 13 33 72 19 2 63 69 2 30 90 63 80 61 83
38 60 27 95 72 11 67 35 51 26 41 97 93 53 38 42 13 4 98 78 42 62 85 3 86 75 57 41 26 84 53 48 54 85 92 61 76 42 37 55 65 64 46 79 4 69 54 71 37 31 50 4 24 66 81 100 13 85 24 19 43 31 9 71 46 86 45 12 12 26 0 70 56 14 27 31 31 22 83 92 65 97 83 83 35 46 64 14 53 36 15 68 67 30 10 91 18 47 83 27
62 73 24 66 45 98 97 39 70 26 6 80 72 100 18 63 91 48 12 30 62 25 69 37 52 98 73 13 7 26 45 25 22 79 93 10 38 34 43 8 86 69 31 88 17 47 16 46 77 56 31 7 17 7 19 71 60 85 33 31 99 11 17 85 47 35 36 98 10 62 14 81 93 27 70 89 75 10 78 84 15 61 99 32 75 59 97 56 50 2 30 2 69 24 58 17 54 28 52 60
